Name         Age Nat St Tk Ps Sh Ag KAb TAb PAb SAb Gam Sub  Min Mom Sav Con Ktk Kps Sht Gls Ass  DP Inj Sus Fit
----------------------------------------------------------------------------------------------------------------
G_Kobel       28 sui 42  3  2  2 22 393 300 300 300   1   0   95   0   6   3   0   0   0   0   0   0   0   0 100
A_Meyer       35 ger 27  2  2  2 18 300 300 300 300   0   0    0   0   0   0   0   0   0   0   0   0   0   0 100
P_Drewes      33 ger 23  2  2  2 17 300 300 300 300   0   0    0   0   0   0   0   0   0   0   0   0   0   0 100
S_Ostrzinski  22 pol 18  2  2  2 16 300 300 300 300   1   0   95   0   0   0   0   0   0   0   0   0   0   0  100
N_Schlotterbeck 27  0   2 40 17723300300300300   0   0   0   0   0   0    0   0   0   0   0   0   0   0  98 100 100   0 100
W_Anton       30 ger  2 38 15  7 22 300 297 297 297   1   0   95   0   0   0   0   0   0   0   0   1   0   0  100
N_Sule        31 ger  2 38 15  4 22 300 299 299 299   1   0   95   0   0   0   0   0   0   0   0   0   0   0  100
F_Mane        18 gam  2 25 12  4 21 300 300 300 300   0   0    0   0   0   0   0   0   0   0   0   0   0   0 100
D_Svensson    22 swe  2 31 19  9 22 300 300 300 300   0   0    0   0   0   0   0   0   0   0   0   0   0   0 100
R_Bensebaini  31 alg  2 36 28 12 22 300 300 300 305   1   0   95   0   0   0   0   0   1   0   0   0   0   0  100
A_Kabar       19 ger  2 26 16  7 21 300 300 300 300   0   0    0   0   0   0   0   0   0   0   0   0   0   0 100
Y_Couto       24 bra  2 36 31 14 24 300 300 300 300   0   0    0   0   0   0   0   0   0   0   0   0   0   0 100
J_Ryerson     28 nor  2 36 28 12 23 300 300 300 300   0   0    0   0   0   0   0   0   0   0   0   0   0   0 100
E_Can         32 ger  2 28 38 16 23 300 299 299 299   1   0   95   0   0   0   0   0   0   0   0   0   0   0  100
S_Ozcan       28 tur  2 28 36 14 22 300 300 300 300   0   0    0   0   0   0   0   0   0   0   0   0   0   0 100
F_Nmecha      25 ger  2 26 36 16 22 300 300 300 300   0   0    0   0   0   0   0   0   0   0   0   0   0   0 100
Jobe_Bellingham 20  0   2 24 331622300300300300   0   0   0   0   0   0    0   0   0   0   0   0   0   0  98 100 100   0 100
M_Sabitzer    32 aut  2 24 38 21 23 300 326 320 305   1   0   95   0   0   0   1   1   1   0   0   0   0   0  100
P_Gross       35 ger  2 21 40 19 22 300 300 320 301   1   0   95   0   0   0   0   1   1   0   0   0   0   0  100
J_Brandt      30 ger  2 19 43 26 24 300 326 340 300   1   0   95   0   0   0   1   2   0   0   0   0   0   0  100
G_Reyna       24 usa  2 19 38 24 23 300 300 300 300   0   0    0   0   0   0   0   0   0   0   0   0   0   0 100
J_Duranville  20 bel  2 16 28 33 24 300 300 300 300   0   0    0   0   0   0   0   0   0   0   0   0   0   0 100
K_Adeyemi     24 ger  2 16 28 40 26 300 300 340 312   1   0   95   0   0   0   0   2   4   0   0   0   0   0  100
C_Campbell    21 isl  2 16 28 30 23 300 300 300 300   0   0    0   0   0   0   0   0   0   0   0   0   0   0 100
S_Guirassy    30 gin  2 14 25 43 24 300 297 317 343   1   0   95   0   0   0   0   1   2   1   0   1   0   0  100
M_Beier       24 ger  2 14 24 38 24 300 300 300 300   0   0    0   0   0   0   0   0   0   0   0   0   0   0 100
